[1,
 1,
 2,
 8,
 40,
 256,
 2080,
 21760,
 302208,
 5745664,
 152719872,
 5733019648,
 304947808256,
 22993115660288,
 2456746922156032,
 371822277734891520,
 79685924107625725952,
 24175651636460079808512,
 10380931927645864038891520,
 6307784962753741847165665280,
 5423061851496814864178902204416,
 6596102987841280045246925569523712,
 11349391237493739631343956678980665344,
 27622700440156446432777533899852207882240,
 95093285248570086377719360762128583211614208,
 463021935253125878587615266926684752700747284480,
 3188689869617187564316555341258243078957054799380480,
 31057544861671660630514872997094505564318405510033309696,
 427821661817747727734009177253172189220545406425430650519552,
 8334676318461468310354429253934677915590643026526227893080555520,
 229638706424367986906370261326178414305401577296712568184267106942976,
 8947957607443190784125842511281674183917114714342305985044549681650073600,
 493091194439715587344118656574610363843071077561926905146452914731630876164096,
 38428076876725954819341244205243139505219549317335212152445864383836961340385132544,
 4235369259909881056074437831082546305515696082682011737818301293461337318422072940036096,
 660160517844463681219879719457552425275700721977370138195630385449853003213929722780930015232,
 145521523191161601347805336734520844641723360361465970043076993313799670605722209404556687922167808,
 45364822534083993128812379773702168569457296894412573221139310278593341609352026460353726943163051933696,
 19999983194563154756141312348652250623483944451177282578929753883106327390739137752392459128696763421334437888,
 12469631398969076883931357579135550636539794463846788547700857421217446885799707847536106073554231572331507218382848,
 10995006616062685573239085559792980633124249941649237482666448085156830586694758517321779270725002761731464374236775186432,
 13710413421568096879329411798865205260332279690592991888447880327875205291586174443858491404366476560972658305781287989855387648,
 24178157973473930536037327591463926421836438102352079640837823356128012237455683653965669136980033199423391157655499563657919853494272,
 60298823065483608225034922904500841104218942799700008529184010692180638054487958197678442198869029781317615384088497046290105250694985416704,
 212672780733608090440697619420712214213729161846790120874235850532078862184625237991613815226733134984502115600049708285198617425498413558965207040,
 1060786135057358827102732630626712010204841534686720437770693046687305755102482242727395432802704358802493374505873216723123475050455822283489553342791680,
 7482748116435536321034243900013082896132468951801366157435404712191370959756046697536195154484659130396723858347753754548474722243644884385488079050482735120384,
 74646114809067500832237906073300200431784620333673182513247397542352285418254939098720004550569261784179852471426562301159277049678925389199994932060333768357667930112,
 1053102425459263925646466888410736152590945267435158859598750767532408851564139030334207625214759776650747134744614183020989302516186566581320193880096363707997067251418136576,
 21011002576942103163447836928430095837377524225025822158289096863845721043370513989997619312615119442329122301985322739397169275512029199770714975686550177933611874311494094423064576,
 592843739623741404775357269261353422172743724764697813164900677440765031711132948621728523205340871705966842593589835215245063810436750636931362146502338543316283058891853073897134820950016,
 23656279439352146823316118711466824690918405190488358311238711455559341298346168475877653769303264056140564967725998649156677622589429940180791363167116934813398184852898539968647563591644524576768,
 1334965160948125687960396489741009161349895290209409456316449641164858356336698652752632650214874830845561269568553355099767315540612323922454518506931411314168795854372243738275601136371585194376973778944,
 106538396178463428745664252446364980663619253126313395912482374537977270176286973491052019092502650567901341358191427118390795580242729425230648221359375114664625737946947419594418250986769180185616140953605636096,
 12024295971922028215971854284725198551711577462337151069866800369657911017629342748824009418011960984345082802486346180617891528660760954304370412796663716827459234057566682874672074132881456780668062644834569543584055296,
 1919224983392968564561472440447281966136671827086608811618752141277734606550136275816990987174269600550171102678346182638264336473123177277042734550869748005167094924382624707133228379290658874604921099867000593698027753023995904,
 433220895735239121085954721269095180837737497826081058798053882134852994887182972295499588872527883775983893659061854640967805528747085291930708070616540133929356289796754189844421857220492027088743818647203123438500107607056821746925568,
 138294729390712279066346645734530569939492799091563990369641831902155643960299199545060501280688818328765656757683620882694846229952723608650549417185345796099570614379003983639619540844694502342116126496705061273994190471926520750307193535856640,
 62433709131212933630550784551006129890613760201778351730458803739732726930967736849069297447124279298800115929652227140121345825812733348233801268497013873687162632509347312165673049054346659236508261369602113735436200130470465276519722488276290870706176,
 39860741072723709818331802626194085807215313327852819232891135444346135171027983453448850033859901371450158501387086113888482127159750106627989903556279596461469542158930902298196961013573626288656682818270394588812577090474542168114835287876298324055731896057856,
 35990582414556021725923178615821058132887127081872828398092962177709423900717051004760205647926151098833447623600398432481475199870403197623290071933077869054475628014572860842024061805884366473661469147376439171784896797662026316556925733218581064433862716650501477236736,
 45956305093513336799317649822231602166372854977413412903459531132686942912448141099366242488636110478117034514982157314641749024033143240653512018198014445869141041674793288169276544787706223334320792882296642999774522236588887148401184003477532726885171493437523608477408753090560,
 82988632235271537163458068802664610367707806977137522073764665066876165151833922207730538157218002125764238540431434816745729552521156624972394313115608245994339715259255954207140198260071961690336576885290817943867756418654088118940059246439928275417465703778254211421769108502799619981312,
 211936048512817872679678034313179864001380399949125271986637363862328523083032290435707659192293649912130003898815918076278520226215013318119532473992614445266814374664728955077919968730698987463399100816425938774250356603959115553996603885958429447786389330536715202421307415083512162346708240433152,
 765435026957217393421724008535451056127981666606652475146910671891628003264817954024281512213195257103739366497590141321923285549715160460469589644716758416808420095094983768698020950107304103392698132828702014971477505571547700403671845297363737718016545963288188407549978768430745774977596108588645548556288,
 3909530035960959894564260512651988537989190243820905151875138756058430642722530288424853719281290660352873430872207227259573369408665947257647647384098240295145504302164333461467096113963597317519328189456562675798969133195498410868187283118373157156905428635342515219538686040004819785554419397167650057824183496212480,
 28239568037768772237059635060758377858277139047184465088149622266258843832721322645264572579895174777419248527188480661394721062053434226559582541375426829857085206382815341211640276439605991794887894765941614397008778580899918323167156848912140362943865630238034272530048217840644257056619181333808449489697138471349112260263936,
 288472399669369167733724573094836709207472035091872259267402647405492481871207285475909619190805826026021458854777937441124001932844097005431037512920864773297827153148196439241867370004400324763356600439527724205662713544704124618273688236698809746771605164298348891694821432862556557529431167931568644557969265213591201476787494618923008,
 4167424670416154867581322379242046496049751870350216307516354889783768593971305963445823292266666467839568302165490057275785738533119906226918054231489210551354232430164206642233999822079309343919234890136601468905626344384438777172547737166087627086054609216269870864346097468725070451735990208843783696837440705702637698827453383465753128567046144,
 85142024400699794378929603831055666955568330765064250584563919486012458048199067887745739870021412088884202967422558812822981904266151960560869878278299743853514600660670906383898385214864002351844355827745700316708790753580192994883228447859059725759830944477406439692251428328610489005991569417550563425564615069158172117110992445803461777612526742671458304,
 2460013321607922458435381077208997083192055235337937528414166886016315903779676483717184722401254934027980250058962844394371982465232541800038793367069282975027912406150755237029077227200097881137506629348405691723717569850220938956882838466449016612395894281608692659129641328895914617985030206536902402749566084818264207543928748175154750758466399958336245138846646272,
 100517960539507104523521884553878643222356066849908212714521673740794843602209071939061587726059753625036067725818084767340607512070132154510889320017729751670355873295469236879328879589972278876040005131951273198338799212527023069686739144617733142323157256729974334218447093761227228593916587012504421476058826820365410132123454486078083960061313725353382425386568964950389161984,
 5808542227073389329062504103900708263479303093063362098409084671229875516826730685609259560885966676313048635063268052049290591681281645408140751779111664105698314741866583963496131823251527670940804412537399859671675531469475437796019773058098005614294396589371957902863679902634519111207536499193902286618488400853941925559952349639292782121198406146843049949180095810043918852819395805184,
 474682647683483267645540179385024111369863335158468640823925141880363971875479070239793845466422038560525679920292652943924612487692532715327033334781045688298919581498985134308580408244876321318325848298556028345203594154990955844151006527290542320796784199048882339591477162347534325860171818375674702541991900378745706970965420965156723779739339394792932435246412033590107063011374310043792621699072,
 54860130247071168481058327572477021767702692648066709079718804852566342015644866471179751581130397764137684534868143529114377749785463500847761115043381790592173725812944951631410880428451612336493476972398237778453851927905873060535424015578676603689690361843129115591869250615228085085383223639217589521928457046501157661484839526826492140104539661006342611437008397183092439150640206232110929411044447587663872,
 8966501700759373446304740709859859602500137015247495773794934727836859701032607874615898642945202794508312984228973894289095854191581513275395785530874332513204823374902159713196309211896354724194744080949562077172440135768214074513642461309670454029778525966764610126708435715895333878665934598628474386121518114038743587217940524688744711590207200648110817698985197291375282973731741163803576358524025392597788962714550272,
 2072557122444148045124702240314391382713153753479224709832532555195319700835121325361543733238851735295819054222055272684863714284343896174757318626152118058557616657583897559046361336767555247215760528550784229061952397701751271846265212984943131248986518661547397139260711637066396745419784228023210656161033862549049052087039883588916834932725712678086146391663217168893899055040216243369286300752640917166413502820504259770126958592,
 677489713568293574104738643984464463323251535311978078945998845981433503899443375574268418245865461050912191293185501876272258537539865858556929164189434090446562304978869295164361138094902384171208460654835632775398402689378200162709236917407806536903790392468326112481539362018640913363028146823886110346435439016576025268408051514066179252203421436570964587592871593908270010279801378737924591335840679305431175965439390618766862740626343985152,
 313195977231723916442268037649507426328680799757873431264411981480072780592158550824263693879628294655226570349609963931809989683112154198315676579974619511643590553898865678550430880246002738899261492742589353720328691148110692801551186802314164266376289861711906521797528895084177521892093060086410374615855748001751223704166254309105549184533426345967019124256223393858856741403951658415828927125228173055251630450180463587697666924172838596546826394927104,
 204758701808431479415305020477674196389171888689060568262639166929962595958372405750836299922083063976425253329497568171943466453916859551200821046249272173356186750933745756848627593364534394132971647142151233821788950125864239093058799511415347998328450753584165367193907763833814494940247132401154338914824787079971679670333594902143134147027554956535775841207880947813204186845015359449322171680178552259192640375997013957308952197216334532737024350093935427924787200,
 189315351733736706724080090673967029940044709916065915267584904135877810129586355106934142332863763806796476881682453177557599772956902042288986542843560293014197750174067142755436086024493473319949159197817483956738856091160141821272031352856241277147584037223039809126465956273432531954160025253920667654836751643954148668104461134743313277455801157049337644790262378960525594585825715323960767209311763574975614716625637641521142333267579274649017108130476724401395025025794310144,
 247538081403520374579685132314620404638250900846731501751551892136927570271568740048185615712247289617083858093888126284836393258138464707996406745671464932793420663131964735853981986324643264970144545860815347393562868864292414937310912684251607073478530882665524428400056384291818097257501485175052045687129945677532081926289968466466559752875885759350077582098422723295265327027597880569772289170794543857707096660756186393952573582910190075637812705486162462377410566014236086322098427920384,
 457736433516086252941573064430398645607748491559507857279345541276746174791789068742776890910505661504844909844497781409502946384235198861249454316696165457254857940064866278508913862322397019091766700086329390673223018598556632077350501766130363211619226340591273587099867689301835310886634966844358233559905152455329197464859025762746360178208204005043563210664161637064566840152172721632450923023357289667426004180058911569834559187939409636598740651153665457381827832268586227692632243025238684178841600,
 1197020711777727682755652557323777666012927887722514077010648380388464888961317683058846627794595394075259923716743606019403656504872259217890891138229357362131154717402341737316528603636374097070923031393258716503435651455962023886567311203991464868290215406963787023098350540546671009600461580110730553061432479348899881125094252516164350261682303792512253272957993600172426046443850014126463811448165304383920824860479457035182783649287995664465190013946868463171842857560267350274808498346307363530962870724913528832,
 4426955144424487063338430032433444296238155964667627786676289015263703402879556565861018523939308763729359371282443929995197441474862287858844574716192093920369763776195546417630771181515864981939081973459476491307772087275649311737606429916754069676998782427090395720463732241370706157594914656234986993978509708563729827674978796844586349293401403912027539480470375362640771847588650820218077465034214072827278006473799057653525256053534957593184590347726139497086367711870357789084716602583009241012517815952301040949073794826240,
 23153747921219764738470975778859776737520235181886952418842788245042101067900398915820458791908010223249173300264482003148295846435423574066088543364294116028231230429725057023785086485029821131314054800305675518356501159817427315409678806984050658654150084521458643748259751313953541067668890659868575826074304280238373597139188946016003164658155171015228611513604018191371239106558271057667490411395434119075761425185869679445162852897687057303214983339577923412069728558909869752330418462982175151725933342837484593621825258791903797572534272,
 171259532043405573713771579141598787178847968964660801387516298147636402195517229740992022301803401308384549740815374398652472846809354345594266488943970747393827722670123831071997598670425826073543790801838995569536536814179929579412501092909906058597674752108213676515014076071340681397612275195827521331647262061304677192536461162294311618380080222001428157564945587756153555861031288135343091183609417987888069069761027769259197705728282686130397737888969526828506422672795440618736097140186777191412762577486885439751411423577898967539028387119132311552,
 1791434475696520202624728858790850354322706211553683360755852889959619498623906295254788164329779867021965848528616105343824160837598524278378684220504282625167449804942930318052740750966013327523623454019701426749983202981562221192395658302798970469545904445608232338294939566095344620042622541775942756598454629899656762279377375364672860440172091493692220406530553458212850573962178546723253461758074667103786469435774686031817339068793883355973041096137335642674595763846156384874894640612589031371226609166091341934289924741007500882106264884367876505853428504723456,
 26501128978190242985509663920297540420282293256422430244260833883027203943358921710536074701588893212068375258115852342763833585982804051878429521808421832785822379472023614814131796998721380203058526093152915533811170504133965691308052094380798373186378457384668667698651263373212271327182567094642929301615384362434898808640958690574969180147856300782743848366408866697289523876702195959569558147250180404436510843012826776678399833298408677738311897342499854503656051192850212823634794424024908127526435598690259156383128876375225476963808438358994207773756212657076845749473378304,
 554422116304695647102090761144654680645924298649082803495354508876706646819737434113055034243139377389870027905896188902227936715345557033058088131370248928467790246383039542915367552348177089111691583467043803188276982745200866720549826470736130220039759746203241789106206965927097129419532720148091857160406485658189838879282751905610107301724078661658924450614741176173113492082558379227762303816556969253321773879882360767217770972964050182570253196662107713213422376006383919397801337580241129328370722742025010319003048857324983699260970451454154592295745348264119225736659401153809651597312,
 16403404324172484281456852202755783682425392083503036395602402326618879550491419527386267437195953523715784525359347005717834351622638644618525975865645414426602614287007831626176654660926087454071299750714866144664854052923761663313548053731694405848425041195766418710212312262267216767079217209543267103325175126053260168759240991929597752609304634926763830682095931531701942106715900646298686327082866031584746598063530451028000686597769648209969357451279649063377835862532233542814979580065940237767974219877457652672729028217116803871702541069918970308715544386608581525467520018572568289289265626631634944,
 686341336438577355496292022144335204511844871061964335604129499637672729893093386048671918154909340992414481635776584450650644976920038503662347368766993700392513530435735759128321882014761944719996645816061858356760408843008636516813946660429405407461402496995309031339662023887262898014693928254524453144174467079750041814351579271231283960088413772799553743150661979118165546144271996483942631270062140504692559015442635648201425629190741725543442900078788656650619434116971762718176425783256668006804843564863514032320247923104421993135362942448923404331708156573787869257867642802316000642481757924161734178560085590016,
 40612861986945673956142861458415591438701470816965271011690842155458742044949189681433428597919449421264541997082068220425034312549605801427840995764344492722745638533195561499326717966401050543381760744507789107818958245276411539854157631634344943651066275385560570229513842139767584610551569571727450767527273566403414052131643033684795788106548769353282641982467524642900221208976628776372905582074121804998382064810606485294278449595133728546270891761712429619513788689184775301328994791560680702783641844192831071901097810548749496587965459257863370828983002401663916065755581989010604339306439300134030742279254039048708211397885952,
 3398597683974946217425308178166625758234274272451843825359461281192671813060818674701809515255422411125478210608571899978011077071295796987065429172924558172370702061752598321034695126983390331607663413809888270462463896472628048418553150939540092737973768799162011182168697644590447200190250129048754608152549396222804627954685561770104693946345790704139426123102964687099950136135610103560077806539774610822025388478412877196788370110115526118360276040748185751116511519155332334695619820280867418882141477268651767469497307737803309331559560913984959526641274372989808906481037387882762528295575026351294061288301888837826875114769039551752237481984,
 402210303708816787454233819280861782891881633173197716477914019018731908786755430388179179765032489484568301562849702819814357745057785937040006606463467313849844865277731218382660760515254338397326995567041251269052793054120395093571627802871378111061901326140385228718418398611205121276330109758108342451616343625528074120785272331764306638662073557062351360655419337292163426132276936803245332965447059860352504149876216303752847088589294678966585065039808118011381818362698060370645240269935408204224388410058354167188783146874204335030219956962400404909153530826516075981866936188807722404744277366450807130624519773330775515067776397196256115903673944422481920,
 67316162406633587856896474232953268525210288604509700051092870669290645173165573140786812274373703784379469161754876634118072761879501127851654243521344168908298641533613361026578463093957190786230200408406604019498712345315843790096518656059838671400635330807419026536757740976111114878114954762474019145772365028066524775506412354125098092141712722383229882925021933528831937719587115887831712766630635233725252844221645788146109386840241246602416439863997918321138544573777458429017354475949961775243256830186177230883847915956530489205249585849840694929713903418688326337546132470489038296601493804233417037234717135451481899573173236552758633565656707634288216606449059495936,
 15933191653575391790701151864168264408664834253576873614415304467032485410120924151343213468836976946890772248818127051842957786167713126590112155288094000240774510129437078863415303308083051916325937656537669199756117521113373819068907394552794656440420171589056694677049765306855414535307512151709269969219481953257757592985895826376593314387582413359085210358840322346754789451799552960948956498470471850163836661203470323510030287101756891644373519730782870542773920834804162817404469868815559520590841936671038681055102024914409181648893900392981218152682083970792160775175467942989538979436717480879754979782840177780576482863005366374042481782498629689711177338531778402884494368222216192,
 5333335854989022079242826089128451403828448945700466785625542215027453955219353400414578670643568936233554136568485802353707629706514561223768380440296986976417409020244529155478022746172272605771599633787835573820152628011603700523587602921832554408277438475537628550775610510647110353995833434167145773181677057302148324943469965163690214847895487449308676197043900791561789819767596279496287914741381036547151043928446400810503464461555026116326726924835386969673716690036514006217688214815230056901168906429885283060257727215275057922693608156482289405782354767273411262991820825174081615240266773425831393995074897121373075770336884936150696976961630405395830841039520562707506753286096697818620805251072,
 2524714995400662258390867801581680036216883985011404504558024645871270136191240726387351621562776523789347612026818657725823007802439095587051788217285859887541886633512051447115933565740718879309048060330996450979699700527938035735643036832738366096453709881424739283423971464467275879885959677358858325946007873205991564236668437637425642477604448852355323430275357920885000247301436337130910415820321732893198852747885214745274533234342647284022948227395588668901879360137357833895765746232043914794321521670064686266786368171980475330505957887913381480905548067627465442772308264988033352223006001966198460459535372186390813819259075283477207598814057800177038299151067723767424771396062297666405199569132963998581391360,
 1690201599448835148629046122315354351852858952667347207238029675553667292441052734792068661460183875727384118431936894273327571181473543260355850407367609466918787797859622538671628925423369679245814842060615804801112523496868201904355480082614268243292382812126586759860211815159248379170125484881300856719174283468904033447890290300431985950078269359503713591839591107487790730615541168068079360076205808858697216461352930672740725755280630671905354611014685000351577238910881059206213836778607530511617791018648487580772576356033701249316370331935469495467995608209908743512626812275864636030935193557056000135753586844295757107264471542639909979612702405985275935568748381688678055516929886218871385681607853508557998165785496201986048,
 1600228239662391507493345812748313057687127184301441801331046231673336906726297278767006568898259970210969712259675010062914450834154468566437745117014635085110106751765020530994358598239788496731256854858421825165871143805265796495724317665472413010226676778577052681253154300620823480404308389821516454037664350036446848681863365995417228830567490403866893294573192591563954986512705909572922613607686047272082174901593143646370511189817007573249991655101730546605876706321583828420816152222216772412459982787085905877037706947761318750400962401777094324252267708713351171030692418962365379342594574662998083865409043136002381896086345652626990817286620677012780897195377753996482122707739327423737836106862406191453364623476106460318094779604199800832,
 2142585072047991954236807507532024676093897086968913629253539732450031717838890039924399829548106025620154494543598450510089654161306207125790424633581853160947222768975395286423760596864763526687549487737137371616709661626223155757312085564697035047076988686427058453746488787023519169290916845014107091925184836669168416523950221069187163292445314894551316819237986081909190074378622927268077335507460213765455816450727447649389475977832844720379402631448961339317105450931726393695779677626025229956801845677904322701299458702847056816789494182135953819725007957646562768701440765758636520130424751841273847335353767096843704636438116221833752733938337342481337100458922016006345727957980524478713527445222479779356529676934069723992461166029721818111557532972482560,
 4057060577020336585559316195194671784280978759838606167998582090631522632718065560941029791164360527850396671338937469393209683013090104986349471187670471055846464402376470775324823287260393522458891437658117546963561256029149625422518599021864352132532708380206695789285060897539833734855340181234882680260960509929651198087996409313745442068832444461932150101542140011671166933080885992661837948951577435388581666105418818958999107914948106655296486393387793912633215078533490366254359562931979848788077662459898740850234366673782185505463955922448885871494461962427626489060392836888779717980164539058487415484512216782916721736425394571628978713274335533520499068598806351862534699909337750350234235352275741520608142809191908712942040833793862661699156309918211000748360501035008]